def main() -> (field[931]):
    //map: european cities (24)
    //valid fields 0..575, invalid fields 576..930
    field[355] padding = [0; 355]
    field[576] map = [0, 1528, 1497, 1062, 1968, 1498, 1757, 1469, 1471, 2230, 2391, 1137, 504, 725, 3006, 1054, 831, 1353, 856, 2813, 1745, 2276, 1347, 1862, 1528, 0, 999, 1372, 447, 316, 1327, 2145, 1229, 809, 976, 1688, 2026, 885, 1710, 773, 1445, 738, 721, 1797, 329, 1620, 489, 826, 1497, 999, 0, 651, 1293, 689, 354, 1315, 254, 1735, 1204, 929, 1867, 840, 1607, 501, 876, 280, 1181, 1319, 1318, 810, 523, 516, 1062, 1372, 651, 0, 1769, 1131, 766, 773, 489, 2178, 1836, 318, 1314, 696, 2253, 601, 261, 721, 1171, 1903, 1697, 1280, 914, 1159, 1968, 447, 1293, 1769, 0, 639, 1571, 2534, 1544, 445, 744, 2088, 2469, 1331, 1497, 1186, 1869, 1076, 1137, 1740, 296, 1742, 855, 946, 1498, 316, 689, 1131, 639, 0, 1011, 1894, 927, 1064, 894, 1450, 1975, 788, 1565, 563, 1247, 443, 811, 1556, 629, 1316, 216, 545, 1757, 1327, 354, 766, 1571, 1011, 0, 1238, 287, 2017, 1326, 955, 2071, 1157, 1558, 838, 1025, 633, 1529, 1143, 1635, 521, 868, 667, 1469, 2145, 1315, 773, 2534, 1894, 1238, 0, 1073, 2950, 2513, 462, 1449, 1413, 2792, 1374, 776, 1465, 1882, 2314, 2471, 1626, 1680, 1823, 1471, 1229, 254, 489, 1544, 927, 287, 1073, 0, 1983, 1440, 720, 1785, 900, 1779, 610, 744, 492, 1307, 1414, 1554, 809, 742, 750, 2230, 809, 1735, 2178, 445, 1064, 2017, 2950, 1983, 0, 1052, 2496, 2734, 1669, 1753, 1582, 2253, 1507, 1373, 2099, 502, 2171, 1273, 1386, 2391, 976, 1204, 1836, 744, 894, 1326, 2513, 1440, 1052, 0, 2131, 2859, 1672, 756, 1391, 2022, 1138, 1673, 1051, 1020, 1265, 1052, 690, 1137, 1688, 929, 318, 2088, 1450, 955, 462, 720, 2496, 2131, 0, 1263, 957, 2498, 916, 340, 1034, 1431, 2093, 2012, 1431, 1233, 1445, 504, 2026, 1867, 1314, 2469, 1975, 2071, 1449, 1785, 2734, 2859, 1263, 0, 1187, 3437, 1484, 1053, 1773, 1360, 3183, 2250, 2591, 1807, 2288, 725, 885, 840, 696, 1331, 788, 1157, 1413, 900, 1669, 1672, 957, 1187, 0, 2283, 348, 641, 646, 476, 2122, 1166, 1650, 623, 1143, 3006, 1710, 1607, 2253, 1497, 1565, 1558, 2792, 1779, 1753, 756, 2498, 3437, 2283, 0, 1957, 2484, 1664, 2374, 632, 1777, 1227, 1669, 1149, 1054, 773, 501, 601, 1186, 563, 838, 1374, 610, 1582, 1391, 916, 1484, 348, 1957, 0, 685, 300, 698, 1773, 1096, 1311, 354, 809, 831, 1445, 876, 261, 1869, 1247, 1025, 776, 744, 2253, 2022, 340, 1053, 641, 2484, 685, 0, 885, 1105, 2157, 1758, 1541, 1033, 1365, 1353, 738, 280, 721, 1076, 443, 633, 1465, 492, 1507, 1138, 1034, 1773, 646, 1664, 300, 885, 0, 922, 1476, 1064, 1052, 250, 514, 856, 721, 1181, 1171, 1137, 811, 1529, 1882, 1307, 1373, 1673, 1431, 1360, 476, 2374, 698, 1105, 922, 0, 2339, 894, 1974, 763, 1316, 2813, 1797, 1319, 1903, 1740, 1556, 1143, 2314, 1414, 2099, 1051, 2093, 3183, 2122, 632, 1773, 2157, 1476, 2339, 0, 1969, 688, 1577, 1023, 1745, 329, 1318, 1697, 296, 629, 1635, 2471, 1554, 502, 1020, 2012, 2250, 1166, 1777, 1096, 1758, 1064, 894, 1969, 0, 1884, 817, 1076, 2276, 1620, 810, 1280, 1742, 1316, 521, 1626, 809, 2171, 1265, 1431, 2591, 1650, 1227, 1311, 1541, 1052, 1974, 688, 1884, 0, 1241, 808, 1347, 489, 523, 914, 855, 216, 868, 1680, 742, 1273, 1052, 1233, 1807, 623, 1669, 354, 1033, 250, 763, 1577, 817, 1241, 0, 557, 1862, 826, 516, 1159, 946, 545, 667, 1823, 750, 1386, 690, 1445, 2288, 1143, 1149, 809, 1365, 514, 1316, 1023, 1076, 808, 557, 0]
return [...map, ...padding]