pragma solidity ^0.5.8;
library Maps {

    /*function getMap16() internal pure returns(bytes32[] memory){
        bytes32[] memory map16 = new bytes32[](16);
        map16[0] = 'Stuttgart';
        map16[1] = 'München';
        map16[2] = 'Berlin';
        map16[3] = 'Potsdam';
        map16[4] = 'Bremen';
        map16[5] = 'Hamburg';
        map16[6] = 'Wiesbaden';
        map16[7] = 'Schwerin';
        map16[8] = 'Hannover';
        map16[9] = 'Düsseldorf';
        map16[10] = 'Mainz';
        map16[11] = 'Saarbrücken';
        map16[12] = 'Dresden';
        map16[13] = 'Magdeburg';
        map16[14] = 'Kiel';
        map16[15] = 'Erfurt';
        return map16;
    }*/

    /*function getMap24() internal pure returns(bytes32[] memory){
        bytes32[] memory map24 = new bytes32[](24);
        map24[0] = 'Barcelona';
        map24[1] = 'Belgrade';
        map24[2] = 'Berlin';
        map24[3] = 'Brussels';
        map24[4] = 'Bucharest';
        map24[5] = 'Budapest';
        map24[6] = 'Copenhagen';
        map24[7] = 'Dublin';
        map24[8] = 'Hamburg';
        map24[9] = 'Istanbul';
        map24[10] = 'Kiev';
        map24[11] = 'London';
        map24[12] = 'Madrid';
        map24[13] = 'Milan';
        map24[14] = 'Moscow';
        map24[15] = 'Munich';
        map24[16] = 'Paris';
        map24[17] = 'Prague';
        map24[18] = 'Rome';
        map24[19] = 'Saint Petersburg';
        map24[20] = 'Sofia';
        map24[21] = 'Stockholm';
        map24[22] = 'Vienna';
        map24[23] = 'Warsaw';
        return map24;
    }*/

    function getMap30() internal pure returns(bytes32[] memory){
        bytes32[] memory map30 = new bytes32[](30);
        map30[0] = 'Amsterdam';
        map30[1] = 'Antwerp';
        map30[2] = 'Athens';
        map30[3] = 'Barcelona';
        map30[4] = 'Berlin';
        map30[5] = 'Bern';
        map30[6] = 'Brussels';
        map30[7] = 'Calais';
        map30[8] = 'Cologne';
        map30[9] = 'Copenhagen';
        map30[10] = 'Edinburgh';
        map30[11] = 'Frankfurt';
        map30[12] = 'Geneva';
        map30[13] = 'Genoa';
        map30[14] = 'Hamburg';
        map30[15] = 'Le Havre';
        map30[16] = 'Lisbon';
        map30[17] = 'London';
        map30[18] = 'Luxembourg';
        map30[19] = 'Lyon';
        map30[20] = 'Madrid';
        map30[21] = 'Marseille';
        map30[22] = 'Milan';
        map30[23] = 'Munich';
        map30[24] = 'Naples';
        map30[25] = 'Nice';
        map30[26] = 'Paris';
        map30[27] = 'Prague';
        map30[28] = 'Rome';
        map30[29] = 'Rotterdam';
        return map30;
    }

        function getMap70() internal pure returns(bytes32[] memory){
        bytes32[] memory map70 = new bytes32[](70);
        map70[0] = 'Youngstown, OH';
        map70[1] = 'Yankton, SD';
        map70[2] = 'Yakima, WA';
        map70[3] = 'Worcester, MA';
        map70[4] = 'Wisconsin Dells, WI';
        map70[5] = 'Winston-Salem, NC';
        map70[6] = 'Winnipeg, MB';
        map70[7] = 'Winchester, VA';
        map70[8] = 'Wilmington, NC';
        map70[9] = 'Wilmington, DE';
        map70[10] = 'Williston, ND';
        map70[11] = 'Williamsport, PA';
        map70[12] = 'Williamson, WV';
        map70[13] = 'Wichita Falls, TX';
        map70[14] = 'Wichita, KS';
        map70[15] = 'Wheeling, WV';
        map70[16] = 'West Palm Beach, FL';
        map70[17] = 'Wenatchee, WA';
        map70[18] = 'Weed, CA';
        map70[19] = 'Waycross, GA';
        map70[20] = 'Wausau, WI';
        map70[21] = 'Waukegan, IL';
        map70[22] = 'Watertown, SD';
        map70[23] = 'Watertown, NY';
        map70[24] = 'Waterloo, IA';
        map70[25] = 'Waterbury, CT';
        map70[26] = 'Washington, DC';
        map70[27] = 'Warren, PA';
        map70[28] = 'Walla Walla, WA';
        map70[29] = 'Waco, TX';
        map70[30] = 'Vincennes, IN';
        map70[31] = 'Victoria, TX';
        map70[32] = 'Vicksburg, MS';
        map70[33] = 'Vancouver, BC';
        map70[34] = 'Valley City, ND';
        map70[35] = 'Valdosta, GA';
        map70[36] = 'Utica, NY';
        map70[37] = 'Uniontown, PA';
        map70[38] = 'Tyler, TX';
        map70[39] = 'Twin Falls, ID';
        map70[40] = 'Tuscaloosa, AL';
        map70[41] = 'Tupelo, MS';
        map70[42] = 'Tulsa, OK';
        map70[43] = 'Tucson, AZ';
        map70[44] = 'Trinidad, CO';
        map70[45] = 'Trenton, NJ';
        map70[46] = 'Traverse City, MI';
        map70[47] = 'Toronto, ON';
        map70[48] = 'Topeka, KS';
        map70[49] = 'Toledo, OH';
        map70[50] = 'Texarkana, TX';
        map70[51] = 'Terre Haute, IN';
        map70[52] = 'Tampa, FL';
        map70[53] = 'Tallahassee, FL';
        map70[54] = 'Tacoma, WA';
        map70[55] = 'Syracuse, NY';
        map70[56] = 'Swainsboro, GA';
        map70[57] = 'Sumter, SC';
        map70[58] = 'Stroudsburg, PA';
        map70[59] = 'Stockton, CA';
        map70[60] = 'Stevens Point, WI';
        map70[61] = 'Steubenville, OH';
        map70[62] = 'Sterling, CO';
        map70[63] = 'Staunton, VA';
        map70[64] = 'Springfield, OH';
        map70[65] = 'Springfield, MO';
        map70[66] = 'Springfield, MA';
        map70[67] = 'Springfield, IL';
        map70[68] = 'Spokane, WA';
        map70[69] = 'South Bend, IN';
        return map70;
    }

    function getDistanceMatrix30() internal pure returns(uint16[900] memory){
        uint16[900] memory m = [0, 160, 3082, 1639, 649, 875, 209, 385, 280, 904, 1180, 471, 1014, 1310, 455, 670, 2300, 494, 371, 995, 1782, 1323, 1154, 875, 2070, 1435, 515, 973, 1835, 80, 160, 0, 2766, 1465, 723, 704, 46, 211, 237, 861, 1005, 427, 840, 1136, 557, 453, 2126, 337, 280, 821, 1608, 1149, 980, 832, 1894, 1261, 340, 870, 1660, 100, 3082, 2766, 0, 3312, 2552, 2627, 3021, 2976, 2562, 3414, 3768, 2382, 2692, 2242, 2758, 3394, 4578, 3099, 2744, 2774, 3940, 2997, 2281, 2210, 2784, 2570, 3140, 2198, 2551, 2826, 1639, 1465, 3312, 0, 1899, 913, 1419, 1399, 1539, 2230, 2181, 1284, 758, 946, 1856, 1336, 1266, 1512, 1137, 644, 628, 515, 1102, 1349, 1704, 685, 1125, 1679, 1471, 1565, 649, 723, 2552, 1899, 0, 986, 782, 936, 575, 743, 1727, 570, 1141, 1188, 291, 1189, 3165, 1059, 767, 1289, 2527, 1584, 1168, 604, 1806, 1610, 1094, 354, 1573, 697, 875, 704, 2627, 913, 986, 0, 655, 854, 583, 1392, 1643, 424, 155, 448, 906, 767, 2179, 975, 429, 317, 1541, 598, 347, 436, 1261, 638, 556, 766, 897, 802, 209, 46, 3021, 1419, 782, 655, 0, 212, 219, 1035, 996, 409, 674, 1090, 586, 407, 2080, 328, 233, 671, 1562, 999, 934, 811, 1848, 1277, 294, 911, 1615, 146, 385, 211, 2976, 1399, 936, 854, 212, 0, 431, 1075, 792, 621, 820, 1213, 798, 284, 2060, 123, 414, 755, 1542, 1083, 1057, 998, 1971, 1185, 274, 1082, 1738, 311, 280, 237, 2562, 1539, 575, 583, 219, 431, 0, 730, 1206, 190, 765, 1061, 446, 576, 2294, 538, 195, 830, 1776, 1208, 905, 592, 1819, 1265, 508, 659, 1586, 254, 904, 861, 3414, 2230, 743, 1392, 1035, 1075, 730, 0, 1864, 799, 1531, 1552, 321, 1531, 3115, 1196, 1106, 1586, 2597, 1914, 1671, 1204, 2585, 2014, 1329, 1033, 2352, 813, 1180, 1005, 3768, 2181, 1727, 1643, 996, 792, 1206, 1864, 0, 1395, 1536, 1922, 1555, 1074, 2879, 656, 1206, 1552, 2372, 1860, 1883, 1743, 2664, 2015, 1082, 1872, 2467, 1100, 471, 427, 2382, 1284, 570, 424, 409, 621, 190, 799, 1395, 0, 585, 881, 497, 758, 2544, 727, 249, 640, 1906, 1004, 725, 383, 1639, 1085, 592, 552, 1406, 444, 1014, 840, 2692, 758, 1141, 155, 674, 820, 765, 1531, 1536, 585, 0, 568, 1082, 757, 2024, 867, 484, 162, 1386, 443, 412, 591, 1326, 483, 546, 954, 1093, 940, 1310, 1136, 2242, 946, 1188, 448, 1090, 1213, 1061, 1552, 1922, 881, 568, 0, 1378, 1233, 2212, 1253, 887, 541, 1574, 431, 156, 707, 758, 204, 1006, 1007, 525, 1236, 455, 557, 2758, 1856, 291, 906, 586, 798, 446, 321, 1555, 497, 1082, 1378, 0, 1082, 2666, 887, 761, 1137, 2409, 1465, 1222, 755, 2136, 1565, 880, 1235, 1903, 486, 670, 453, 3494, 1336, 1189, 767, 407, 284, 576, 1531, 1074, 758, 757, 1233, 1082, 0, 1894, 406, 512, 692, 1376, 1020, 1087, 1038, 1991, 1132, 211, 1305, 1758, 553, 2300, 2126, 4578, 1266, 3165, 2179, 2080, 2060, 2294, 3115, 2879, 2544, 2024, 2212, 2666, 1894, 0, 2210, 2165, 1784, 638, 1781, 2368, 2515, 2970, 1951, 1786, 2945, 2737, 2226, 494, 337, 3099, 1512, 1059, 975, 328, 123, 538, 1196, 656, 727, 867, 1253, 887, 406, 2210, 0, 538, 884, 1704, 1192, 1215, 1075, 1996, 1347, 414, 1204, 1799, 432, 371, 280, 2744, 1137, 767, 429, 233, 414, 195, 1106, 1206, 249, 484, 887, 761, 512, 2165, 538, 0, 493, 1647, 816, 731, 583, 1645, 1106, 379, 746, 1400, 361, 995, 821, 2774, 644, 1289, 317, 671, 755, 830, 1586, 1552, 640, 162, 541, 1137, 692, 1784, 884, 493, 0, 1272, 328, 494, 753, 1299, 440, 481, 1116, 1066, 921, 1782, 1608, 3940, 628, 2527, 1541, 1562, 1542, 1776, 2597, 2372, 1906, 1386, 1574, 2409, 1376, 638, 1704, 1647, 1272, 0, 1143, 1730, 1877, 2332, 1313, 1268, 2307, 2099, 1708, 1323, 1149, 2997, 515, 1584, 598, 999, 1083, 1208, 1914, 1860, 1004, 443, 431, 1465, 1020, 1781, 1192, 816, 328, 1143, 0, 587, 1034, 1189, 227, 809, 1397, 956, 1249, 1154, 980, 2280, 1102, 1168, 347, 934, 1057, 905, 1671, 1883, 725, 412, 156, 1222, 1087, 2368, 1215, 731, 494, 1730, 587, 0, 551, 914, 360, 850, 875, 681, 1080, 875, 832, 2210, 1349, 604, 436, 811, 998, 592, 1204, 1743, 383, 591, 707, 755, 1038, 2515, 1075, 583, 753, 1877, 1034, 551, 0, 1202, 911, 827, 363, 969, 827, 2070, 1894, 2784, 1704, 1806, 1261, 1848, 1971, 1819, 2585, 2664, 1639, 1326, 758, 2136, 1991, 2970, 1996, 1645, 1299, 2332, 1189, 914, 1202, 0, 962, 1764, 1603, 233, 1994, 1435, 1261, 2570, 685, 1610, 638, 1277, 1195, 1265, 2014, 2015, 1085, 483, 204, 1565, 1132, 1951, 1347, 1106, 440, 1313, 227, 360, 911, 962, 0, 921, 1294, 729, 1361, 515, 340, 3140, 1125, 1094, 556, 294, 274, 508, 1329, 1082, 592, 546, 1006, 880, 211, 1786, 414, 379, 481, 1268, 809, 850, 827, 1764, 921, 0, 1094, 1531, 440, 973, 870, 2198, 1679, 354, 766, 911, 1082, 659, 1033, 1872, 552, 954, 1007, 1235, 1305, 2945, 1204, 746, 1116, 2307, 1397, 875, 363, 1603, 1274, 1094, 0, 1370, 858, 1835, 1660, 2551, 1471, 1573, 897, 1615, 1738, 1586, 2352, 2467, 1406, 1093, 525, 1903, 1758, 2737, 1799, 1400, 1066, 2099, 856, 681, 969, 233, 729, 1531, 1370, 0, 1761, 80, 100, 2826, 1565, 697, 802, 146, 311, 254, 813, 1100, 444, 940, 1236, 486, 553, 2226, 432, 361, 921, 1708, 1249, 1080, 827, 1994, 1361, 440, 858, 1761, 0];
        return m;
    }
    
    function getDistanceMatrix70() internal pure returns(uint16[4900] memory){
        uint16[4900] memory m = [0, 966, 1513, 2964, 1149, 927, 1611, 1510, 390, 466, 1820, 1718, 504, 1179, 308, 1017, 1167, 3250, 622, 2947, 1240, 244, 601, 1366, 1008, 1190, 315, 326, 2452, 1958, 892, 1031, 530, 2675, 1518, 1648, 1157, 417, 1222, 1583, 1998, 126, 535, 1065, 707, 1807, 844, 435, 1051, 775, 957, 671, 1003, 245, 3014, 2802, 952, 187, 666, 2909, 2174, 675, 1308, 1525, 401, 607, 1336, 1053, 1853, 1881, 966, 0, 2410, 1520, 1817, 729, 686, 290, 1823, 168, 2027, 172, 1610, 1500, 1002, 1247, 1550, 2390, 3229, 2890, 2198, 1000, 393, 776, 373, 278, 962, 428, 2645, 1452, 2120, 223, 556, 2505, 1327, 3126, 1461, 862, 1566, 2101, 524, 1872, 661, 1520, 561, 2407, 1439, 460, 870, 287, 534, 291, 981, 796, 3259, 1195, 2986, 805, 829, 2793, 998, 2567, 933, 266, 1132, 996, 735, 335, 2701, 257, 1513, 2410, 0, 604, 481, 2742, 1833, 826, 214, 1618, 1712, 567, 544, 1313, 1270, 269, 1432, 1783, 2678, 360, 1725, 2260, 1549, 1016, 253, 1548, 434, 769, 2873, 1484, 572, 2104, 419, 2422, 1461, 542, 2941, 1221, 827, 2351, 820, 486, 1415, 1565, 1085, 1353, 2039, 1620, 1238, 290, 1244, 487, 1146, 736, 2295, 1312, 250, 2969, 182, 2678, 1096, 356, 1299, 914, 189, 726, 516, 323, 1830, 824, 2964, 1520, 604, 0, 595, 1289, 1446, 466, 1139, 430, 428, 201, 452, 1574, 1068, 255, 965, 1948, 1842, 820, 1600, 1933, 1824, 1128, 305, 958, 1320, 291, 1707, 1799, 692, 1593, 2274, 2359, 943, 975, 1358, 2701, 1229, 2355, 1162, 813, 343, 1049, 1170, 1060, 1021, 2220, 586, 554, 1111, 578, 1354, 939, 2302, 709, 369, 410, 2871, 2838, 1134, 614, 1650, 2790, 532, 796, 1803, 716, 2080, 591, 1149, 1817, 481, 595, 0, 494, 550, 2641, 765, 934, 1813, 1516, 378, 1363, 1344, 1513, 1249, 2487, 1850, 1192, 708, 1360, 1351, 2999, 1178, 1198, 730, 1127, 2691, 921, 934, 1578, 1110, 409, 1238, 712, 1839, 1014, 2402, 1105, 387, 1157, 1047, 1064, 882, 997, 881, 1180, 1186, 1344, 1383, 443, 1414, 1109, 2352, 1379, 714, 507, 1072, 818, 929, 740, 1633, 324, 2397, 695, 551, 809, 2462, 211, 927, 729, 2742, 1289, 494, 0, 1279, 1197, 2956, 299, 888, 491, 1408, 1432, 1360, 327, 2375, 2595, 2717, 1097, 841, 468, 1909, 2698, 2007, 1034, 970, 537, 1344, 1703, 463, 1893, 1067, 2705, 1265, 961, 808, 1497, 285, 819, 1356, 483, 1362, 2101, 701, 2384, 952, 1006, 232, 1944, 740, 751, 1400, 1226, 1919, 453, 819, 715, 1172, 2595, 1900, 392, 1573, 367, 542, 1942, 1151, 512, 1171, 593, 1611, 686, 1833, 1446, 550, 1279, 0, 250, 1500, 2749, 2035, 832, 240, 1252, 1220, 589, 1160, 1009, 2898, 605, 1138, 757, 1058, 1473, 1714, 3164, 719, 777, 1926, 1043, 811, 1144, 1382, 2898, 1225, 2773, 1700, 493, 326, 1856, 2772, 1230, 1018, 2416, 1501, 1519, 1935, 1053, 647, 893, 1135, 1056, 1130, 1193, 2620, 1196, 821, 929, 744, 2840, 1223, 2548, 1579, 505, 624, 1149, 3062, 375, 2223, 983, 1510, 290, 826, 466, 2641, 1197, 250, 0, 637, 1305, 1061, 369, 724, 1246, 944, 203, 718, 2697, 1473, 904, 805, 1023, 572, 471, 1538, 2880, 2936, 976, 1718, 1096, 836, 1842, 890, 3126, 1418, 1039, 2688, 1356, 758, 1686, 239, 2646, 891, 1879, 1816, 315, 1247, 2116, 773, 719, 314, 1656, 1715, 1033, 2282, 249, 1091, 732, 1388, 2222, 1430, 944, 1441, 447, 694, 972, 208, 2088, 1575, 346, 390, 1823, 214, 1139, 765, 2956, 1500, 637, 0, 345, 663, 2647, 843, 1044, 1192, 1311, 1048, 2904, 2981, 2015, 913, 565, 880, 1404, 700, 1366, 2652, 2760, 2796, 1226, 278, 1266, 1361, 1960, 1646, 782, 282, 2448, 134, 1702, 750, 230, 2219, 1664, 1516, 247, 561, 1380, 1239, 766, 385, 602, 2078, 1470, 2903, 684, 1054, 1151, 525, 1865, 432, 1102, 1591, 2787, 514, 880, 821, 865, 914, 333, 466, 168, 1618, 430, 934, 299, 2749, 1305, 345, 0, 1481, 1203, 2539, 1848, 748, 416, 2175, 2589, 3128, 828, 848, 673, 1155, 1634, 537, 512, 1051, 2459, 500, 1005, 518, 1257, 1138, 2944, 500, 1097, 389, 189, 2001, 1540, 483, 744, 522, 1841, 1003, 951, 731, 373, 575, 1848, 431, 438, 1242, 1833, 1562, 251, 1075, 907, 1231, 2386, 997, 391, 1836, 748, 2405, 1114, 988, 842, 2546, 2242, 1820, 2027, 1712, 428, 1813, 888, 2035, 1061, 663, 1481, 0, 239, 1071, 1887, 1618, 627, 760, 1394, 2880, 386, 1015, 1056, 1263, 738, 833, 1527, 268, 1321, 238, 2026, 722, 1349, 800, 1597, 1464, 1168, 201, 207, 1318, 418, 658, 380, 603, 1337, 1701, 1511, 1167, 296, 932, 1093, 1622, 541, 707, 997, 1666, 1765, 791, 1017, 391, 1777, 479, 1032, 952, 867, 812, 2149, 228, 821, 2644, 667, 1718, 172, 567, 201, 1516, 491, 832, 369, 2647, 1203, 239, 0, 353, 724, 1774, 605, 1515, 2690, 1858, 703, 1222, 775, 534, 234, 795, 1757, 1285, 198, 3156, 2152, 2347, 1038, 1000, 2179, 195, 1191, 1005, 458, 1350, 2115, 2416, 620, 585, 1009, 974, 2991, 852, 1200, 1247, 271, 136, 1684, 589, 462, 2095, 2365, 1552, 624, 815, 2654, 646, 206, 927, 595, 1019, 865, 3026, 829, 2661, 803, 504, 1610, 544, 452, 378, 1408, 240, 724, 843, 2539, 1071, 353, 0, 1284, 416, 2442, 1459, 1765, 2935, 1815, 907, 982, 1365, 1795, 905, 750, 1489, 1165, 2383, 1330, 2176, 2114, 586, 1971, 699, 1539, 83, 765, 1665, 2291, 943, 2290, 380, 1642, 857, 1236, 2370, 1228, 1130, 504, 1086, 807, 2579, 344, 2552, 1311, 1916, 1654, 69, 2473, 747, 878, 1127, 1064, 202, 1110, 1230, 2178, 2477, 831, 1179, 1500, 1313, 1574, 1363, 1432, 1252, 1246, 1044, 1848, 1887, 724, 1284, 0, 1054, 998, 3280, 2912, 2213, 413, 646, 667, 1572, 358, 857, 285, 435, 1395, 1650, 1287, 1082, 2334, 2361, 3136, 491, 990, 1363, 444, 884, 2521, 828, 909, 1833, 962, 1046, 1747, 1057, 2708, 659, 913, 1430, 445, 1026, 2334, 2678, 1106, 1002, 2064, 1800, 2922, 462, 348, 488, 454, 868, 405, 1327, 885, 325, 598, 308, 1002, 1270, 1068, 1344, 1360, 1220, 944, 1192, 748, 1618, 1774, 416, 1054, 0, 85, 1794, 117, 3213, 1155, 1008, 854, 1257, 791, 1007, 2003, 210, 465, 1763, 471, 424, 1330, 2457, 710, 1658, 1230, 773, 1123, 1569, 1367, 1143, 891, 1126, 1457, 667, 799, 1524, 1182, 2032, 960, 782, 760, 1056, 781, 680, 1125, 479, 1104, 2400, 1329, 1030, 496, 1395, 1082, 127, 374, 937, 1106, 2695, 2206, 1017, 1247, 269, 255, 1513, 327, 589, 203, 1311, 416, 627, 605, 2442, 998, 85, 0, 1252, 1461, 505, 1127, 111, 768, 394, 425, 1214, 206, 1775, 172, 2480, 204, 627, 1428, 921, 246, 1745, 63, 1013, 533, 1040, 2354, 861, 1206, 1246, 2180, 1300, 1653, 501, 1657, 701, 2440, 1180, 770, 1349, 919, 2263, 2300, 388, 590, 1346, 848, 1166, 365, 1214, 549, 689, 696, 1580, 143, 2940, 938, 1167, 1550, 1432, 965, 1249, 2375, 1160, 718, 1048, 2175, 760, 1515, 1459, 3280, 1794, 1252, 0, 2358, 1752, 2920, 1230, 170, 1358, 1574, 899, 672, 109, 1582, 2588, 1174, 854, 694, 945, 3496, 1272, 2903, 1094, 773, 980, 1184, 1194, 735, 1488, 2300, 1580, 2738, 1363, 626, 835, 895, 2441, 904, 233, 1232, 2613, 1515, 2316, 499, 1065, 1745, 1824, 1447, 1663, 744, 414, 244, 677, 622, 1970, 1145, 3250, 2390, 1783, 1948, 2487, 2595, 1009, 2697, 2904, 2589, 1394, 2690, 1765, 2912, 117, 1461, 2358, 0, 2659, 1434, 1777, 990, 433, 715, 658, 373, 357, 305, 1002, 1540, 375, 411, 705, 2636, 2018, 2880, 2996, 799, 1166, 1620, 1207, 1160, 564, 2542, 1700, 354, 2117, 1514, 477, 1370, 240, 2383, 1881, 82, 2853, 373, 864, 2376, 1002, 2224, 836, 2047, 278, 319, 412, 983, 1420, 394, 2058, 188, 622, 3229, 2678, 1842, 1850, 2717, 2898, 1473, 2981, 3128, 2880, 1858, 2935, 2213, 3213, 505, 1752, 2659, 0, 899, 509, 1985, 1580, 935, 1000, 1801, 73, 663, 2690, 1507, 677, 1288, 511, 2029, 1156, 386, 2695, 2746, 871, 1558, 750, 1081, 1365, 1552, 1942, 169, 558, 2455, 612, 339, 418, 614, 3353, 1674, 3035, 51, 694, 1017, 2371, 2295, 791, 993, 977, 1651, 549, 824, 475, 381, 2027, 859, 2947, 2890, 360, 820, 1192, 1097, 605, 904, 2015, 828, 386, 703, 1815, 413, 1155, 1127, 2920, 1434, 899, 0, 676, 551, 1403, 302, 212, 636, 1573, 273, 2897, 1593, 1300, 1681, 800, 2164, 767, 883, 1439, 2455, 2088, 2378, 950, 624, 702, 2419, 901, 146, 751, 195, 1657, 1227, 622, 1084, 741, 3108, 1430, 1120, 989, 557, 1524, 637, 917, 759, 675, 2197, 1258, 1156, 910, 670, 1619, 148, 1240, 2198, 1725, 1600, 708, 841, 1138, 805, 913, 848, 1015, 1222, 907, 646, 1008, 111, 1230, 1777, 509, 676, 0, 436, 156, 2750, 1222, 1117, 321, 1380, 2582, 1308, 751, 1707, 1198, 2733, 1075, 1164, 462, 1146, 2186, 645, 415, 824, 754, 1521, 1819, 1055, 932, 509, 1011, 2187, 270, 58, 1144, 496, 175, 1410, 168, 842, 316, 1826, 1575, 793, 1129, 1193, 1858, 727, 197, 489, 2295, 638, 244, 1000, 2260, 1933, 1360, 468, 757, 1023, 565, 673, 1056, 775, 982, 667, 854, 768, 170, 990, 1985, 551, 436, 0, 1026, 1306, 1766, 98, 889, 563, 1387, 1427, 827, 1687, 1663, 2841, 1253, 1053, 1401, 69, 1206, 648, 2557, 511, 869, 1772, 860, 322, 591, 497, 1131, 268, 2040, 941, 945, 899, 2536, 2890, 1596, 328, 178, 2639, 1133, 2029, 1255, 741, 804, 1262, 1989, 872, 1957, 414, 601, 393, 1549, 1824, 1351, 1909, 1058, 572, 880, 1155, 1263, 534, 1365, 1572, 1257, 394, 1358, 433, 1580, 1403, 156, 1026, 0, 386, 298, 2932, 408, 696, 2683, 1415, 620, 1366, 1176, 1255, 1361, 655, 1631, 1086, 1153, 2738, 2526, 2486, 1046, 1822, 1146, 1413, 673, 772, 1373, 461, 1182, 2102, 1144, 738, 2366, 1307, 3074, 1577, 993, 2889, 740, 1168, 761, 678, 600, 199, 2589, 950, 2578, 260, 1366, 776, 1016, 1128, 2999, 2698, 1473, 471, 1404, 1634, 738, 234, 1795, 358, 791, 425, 1574, 715, 935, 302, 2750, 1306, 386, 0, 668, 1488, 2704, 490, 1758, 1227, 1101, 1521, 889, 2943, 357, 967, 711, 1316, 469, 2033, 773, 2400, 2003, 1923, 1161, 823, 828, 238, 374, 686, 1214, 524, 2997, 899, 2334, 1788, 579, 3057, 1479, 2641, 980, 72, 889, 2252, 639, 403, 1535, 1550, 1335, 700, 1008, 373, 253, 305, 1178, 2007, 1714, 1538, 700, 537, 833, 795, 905, 857, 1007, 1214, 899, 658, 1000, 212, 1222, 1766, 298, 668, 0, 522, 1260, 2511, 2905, 1132, 615, 1638, 1010, 3150, 1463, 2005, 207, 294, 238, 1232, 778, 869, 1973, 1131, 1560, 1063, 359, 1130, 1250, 504, 1529, 644, 1231, 2752, 2220, 757, 1090, 732, 2959, 1742, 1197, 443, 1375, 1200, 1859, 529, 1257, 532, 1563, 1207, 1190, 278, 1548, 958, 1198, 1034, 3164, 2880, 1366, 512, 1527, 1757, 750, 285, 2003, 206, 672, 373, 1801, 636, 1117, 98, 2932, 1488, 522, 0, 300, 1067, 132, 1892, 433, 1319, 1494, 2835, 1670, 891, 1818, 210, 1040, 1345, 807, 744, 1404, 1687, 1470, 888, 435, 540, 470, 507, 802, 886, 961, 1108, 270, 1649, 656, 1243, 1241, 993, 508, 908, 1630, 210, 1004, 1469, 1194, 438, 1806, 1807, 315, 962, 434, 1320, 730, 970, 719, 2936, 2652, 1051, 268, 1285, 1489, 435, 210, 1775, 109, 357, 73, 1573, 321, 889, 408, 2704, 1260, 300, 0, 118, 1454, 2082, 1025, 1351, 808, 1640, 1355, 449, 283, 1578, 1406, 2074, 707, 681, 978, 2258, 1502, 3029, 1177, 780, 603, 862, 1433, 429, 1276, 864, 2617, 2637, 998, 674, 1752, 2099, 1988, 1156, 1612, 484, 243, 471, 2524, 564, 2233, 788, 326, 428, 769, 291, 1127, 537, 777, 976, 2760, 2459, 1321, 198, 1165, 1395, 465, 172, 1582, 305, 663, 273, 1380, 563, 696, 490, 2511, 1067, 118, 0, 2351, 887, 2228, 1986, 908, 2936, 278, 766, 746, 267, 1537, 2253, 561, 662, 190, 2032, 1895, 2745, 2580, 1159, 679, 272, 991, 763, 1401, 1179, 2810, 231, 2734, 1151, 792, 1831, 967, 2636, 727, 673, 565, 850, 1716, 1550, 2359, 626, 2452, 2645, 2873, 1707, 2691, 1344, 1926, 1718, 2796, 500, 238, 3156, 2383, 1650, 1763, 2480, 2588, 1002, 2690, 2897, 2582, 1387, 2683, 1758, 2905, 132, 1454, 2351, 0, 1338, 727, 2228, 1475, 2011, 1456, 1805, 391, 524, 1459, 888, 972, 624, 269, 1015, 1432, 1220, 2124, 2761, 1153, 512, 844, 797, 1383, 1184, 3038, 363, 871, 2794, 1658, 2240, 1382, 960, 1580, 1395, 786, 1165, 509, 758, 538, 705, 1958, 1452, 1484, 1799, 921, 1703, 1043, 1096, 1226, 1005, 2026, 2152, 1330, 1287, 471, 204, 1174, 1540, 1507, 1593, 1308, 1427, 1415, 1227, 1132, 1892, 2082, 887, 1338, 0, 461, 1110, 2398, 3158, 531, 476, 1616, 134, 1174, 2336, 1713, 997, 960, 858, 449, 375, 1537, 2462, 1884, 923, 1030, 225, 1772, 1266, 1872, 248, 622, 724, 2706, 1764, 485, 1443, 1149, 2875, 1013, 886, 181, 566, 2019, 1704, 892, 2120, 572, 692, 934, 463, 811, 836, 278, 518, 722, 2347, 2176, 1082, 424, 627, 854, 375, 677, 1300, 751, 827, 620, 1101, 615, 433, 1025, 2228, 727, 461, 0, 1479, 1000, 277, 1678, 1145, 681, 1376, 1293, 2483, 937, 1587, 1231, 2017, 463, 1392, 496, 1504, 1786, 2493, 826, 465, 1223, 1543, 2856, 954, 937, 455, 290, 783, 1193, 439, 1045, 917, 2493, 867, 1148, 880, 2288, 995, 1031, 223, 2104, 1593, 1578, 1893, 1144, 1842, 1266, 1257, 1349, 1038, 2114, 2334, 1330, 1428, 694, 411, 1288, 1681, 1707, 1687, 1366, 1521, 1638, 1319, 1351, 1986, 2228, 1110, 1479, 0, 996, 1707, 1324, 1190, 932, 386, 1396, 2235, 656, 1000, 1227, 2285, 1421, 1622, 1024, 373, 1513, 2194, 2127, 780, 1463, 1016, 1509, 71, 1116, 770, 211, 2653, 1735, 1302, 959, 1428, 796, 2243, 1634, 873, 2528, 411, 530, 556, 419, 2274, 1110, 1067, 1382, 890, 1361, 1138, 800, 1000, 586, 2361, 2457, 921, 945, 705, 511, 800, 1198, 1663, 1176, 889, 1010, 1494, 808, 908, 1475, 2398, 1000, 996, 0, 2604, 351, 2897, 225, 692, 1093, 1316, 771, 747, 1305, 1571, 1685, 604, 1290, 1205, 863, 1283, 2225, 2329, 264, 1256, 2091, 1312, 1023, 1117, 167, 2829, 744, 2383, 855, 608, 1279, 460, 3114, 793, 2713, 649, 2675, 2505, 2422, 2359, 409, 2705, 2898, 3126, 1960, 2944, 1597, 2179, 1971, 3136, 710, 246, 3496, 2636, 2029, 2164, 2733, 2841, 1255, 2943, 3150, 2835, 1640, 2936, 2011, 3158, 277, 1707, 2604, 0, 1124, 1424, 2747, 551, 1074, 2290, 1515, 834, 1261, 2359, 922, 182, 643, 1449, 171, 206, 1161, 2137, 3012, 145, 1883, 722, 1487, 876, 1023, 3057, 937, 173, 1179, 1334, 250, 762, 1433, 2266, 1105, 912, 1518, 1327, 1461, 943, 1238, 1265, 1225, 1418, 1646, 500, 1464, 195, 699, 491, 1658, 1745, 1272, 2018, 1156, 767, 1075, 1253, 1361, 357, 1463, 1670, 1355, 278, 1456, 531, 1678, 1324, 351, 1124, 0, 962, 1303, 2507, 1758, 1573, 569, 1389, 1181, 2221, 1759, 1868, 697, 640, 479, 929, 1017, 1140, 3107, 2857, 3048, 962, 927, 1479, 253, 1923, 1165, 272, 1394, 2622, 1138, 388, 1944, 614, 413, 814, 1648, 3126, 542, 975, 712, 961, 2773, 1039, 782, 1097, 1168, 1191, 1539, 990, 1230, 63, 2903, 2880, 386, 883, 1164, 1053, 655, 967, 2005, 891, 449, 766, 1805, 476, 1145, 1190, 2897, 1424, 962, 0, 383, 1063, 2125, 2568, 858, 663, 1058, 2235, 1809, 60, 1170, 306, 852, 1162, 465, 376, 217, 2862, 535, 1057, 1167, 889, 1381, 2892, 272, 500, 1570, 366, 2240, 539, 979, 1035, 2290, 2294, 1157, 1461, 2941, 1358, 1839, 808, 1700, 2688, 282, 389, 201, 1005, 83, 1363, 773, 1013, 1094, 2996, 2695, 1439, 462, 1401, 1631, 711, 207, 1818, 283, 746, 391, 1616, 681, 932, 225, 2747, 1303, 383, 0, 116, 885, 542, 1236, 732, 1106, 1915, 1635, 526, 796, 1557, 1116, 358, 277, 641, 1077, 431, 183, 2945, 105, 1129, 791, 1777, 983, 700, 1798, 150, 325, 1887, 1850, 168, 2175, 802, 417, 862, 1221, 2701, 1014, 1497, 493, 1356, 2448, 189, 207, 458, 765, 444, 1123, 533, 773, 799, 2746, 2455, 1146, 69, 1086, 1316, 294, 210, 1578, 267, 524, 134, 1376, 386, 692, 551, 2507, 1063, 116, 0, 1204, 1112, 2540, 1299, 775, 2104, 1254, 228, 1053, 478, 995, 407, 904, 871, 1388, 919, 3408, 2644, 2940, 265, 1031, 2168, 410, 446, 664, 465, 442, 929, 2861, 874, 2009, 1272, 1222, 1566, 827, 1229, 2402, 285, 326, 758, 134, 2001, 1318, 1350, 1665, 884, 1569, 1040, 980, 1166, 871, 2088, 2186, 1206, 1153, 469, 238, 1040, 1406, 1537, 1459, 1174, 1293, 1396, 1093, 1074, 1758, 2125, 885, 1204, 0, 2014, 1069, 2414, 1579, 1763, 1641, 1666, 695, 846, 1190, 1317, 1270, 415, 1252, 1143, 2548, 1402, 2828, 3021, 930, 2157, 211, 1058, 1633, 939, 684, 1049, 450, 1967, 1985, 246, 1583, 2101, 2351, 2355, 1105, 819, 1856, 1686, 1702, 1540, 418, 2115, 2291, 2521, 1367, 2354, 1184, 1620, 1558, 2378, 645, 648, 2738, 2033, 1232, 1345, 2074, 2253, 888, 2336, 2483, 2235, 1316, 2290, 1573, 2568, 542, 1112, 2014, 0, 829, 943, 1957, 2633, 1113, 490, 949, 456, 1258, 506, 1516, 629, 869, 1007, 1912, 417, 465, 2811, 3016, 2685, 33, 468, 596, 518, 557, 1291, 366, 644, 160, 1129, 1998, 524, 820, 1162, 387, 1356, 2772, 239, 750, 483, 658, 2416, 943, 828, 1143, 861, 1194, 1207, 750, 950, 415, 2557, 2526, 773, 778, 807, 707, 561, 972, 1713, 937, 656, 771, 1515, 569, 858, 1236, 2540, 1069, 829, 0, 795, 564, 1581, 2033, 982, 841, 1336, 1066, 768, 1323, 1261, 1159, 688, 2025, 1350, 715, 597, 2713, 283, 1207, 708, 909, 1297, 568, 454, 56, 765, 2292, 2041, 126, 1872, 486, 813, 1157, 483, 1230, 2646, 230, 744, 380, 620, 2290, 909, 891, 1206, 735, 1160, 1081, 624, 824, 511, 2486, 2400, 869, 744, 681, 662, 624, 997, 1587, 1000, 747, 834, 1389, 663, 732, 1299, 2414, 943, 795, 0, 1015, 1365, 1424, 239, 518, 746, 826, 405, 1086, 703, 2238, 1042, 2645, 1580, 1158, 592, 1262, 905, 2215, 845, 922, 707, 915, 1168, 1176, 1007, 2485, 413, 535, 661, 1415, 343, 1047, 1362, 1018, 891, 2219, 522, 603, 585, 380, 1833, 1126, 1246, 1488, 564, 1365, 702, 754, 869, 1046, 2003, 1973, 1404, 978, 190, 269, 960, 1231, 1227, 1305, 1261, 1181, 1058, 1106, 775, 1579, 1957, 564, 1015, 0, 2069, 704, 2797, 956, 699, 1072, 1115, 1157, 822, 1070, 2031, 2753, 667, 1090, 1250, 371, 3020, 1742, 2674, 1635, 944, 325, 678, 258, 310, 2713, 607, 1065, 1520, 1565, 1049, 1064, 2101, 2416, 1879, 1664, 1841, 1337, 1009, 1642, 962, 1457, 2180, 2300, 2542, 1552, 2419, 1521, 1772, 1822, 1923, 1131, 1687, 2258, 2032, 1015, 858, 2017, 2285, 1571, 2359, 2221, 2235, 1915, 2104, 1763, 2633, 1581, 1365, 2069, 0, 1469, 1353, 2176, 521, 585, 556, 1347, 579, 628, 973, 1167, 163, 500, 1206, 1385, 2571, 1567, 2390, 1406, 610, 565, 557, 1531, 883, 1547, 834, 707, 561, 1085, 1170, 882, 701, 1501, 1816, 1516, 1003, 1701, 974, 857, 1046, 667, 1300, 1580, 1700, 1942, 901, 1819, 860, 1146, 1161, 1560, 1470, 1502, 1895, 1432, 449, 463, 1421, 1685, 922, 1759, 1809, 1635, 1254, 1641, 1113, 2033, 1424, 704, 1469, 0, 393, 889, 2514, 1464, 431, 971, 1062, 958, 531, 2855, 1767, 799, 416, 1615, 1674, 675, 1192, 1338, 2897, 799, 728, 944, 683, 2531, 358, 1807, 2407, 1353, 1060, 997, 2384, 1519, 315, 247, 951, 1511, 2991, 1236, 1747, 799, 1653, 2738, 354, 169, 146, 1055, 322, 1413, 823, 1063, 888, 3029, 2745, 1220, 375, 1392, 1622, 604, 182, 1868, 60, 526, 228, 1666, 490, 982, 239, 2797, 1353, 393, 0, 460, 1070, 1781, 721, 938, 633, 2038, 841, 3062, 287, 1953, 652, 609, 1588, 809, 25, 1995, 2629, 2504, 914, 1184, 222, 1184, 650, 844, 1439, 2039, 1021, 881, 952, 1935, 1247, 561, 731, 1167, 852, 2370, 1057, 1524, 501, 1363, 2117, 558, 751, 932, 591, 673, 828, 359, 435, 1177, 2580, 2124, 1537, 496, 1024, 1290, 643, 697, 1170, 796, 1053, 695, 949, 841, 518, 956, 2176, 889, 460, 0, 288, 332, 2246, 1622, 384, 670, 1831, 2747, 720, 731, 1932, 124, 2610, 1105, 1032, 1306, 957, 2247, 2114, 1085, 408, 1766, 716, 435, 460, 1620, 2220, 1180, 1006, 1053, 2116, 1380, 373, 296, 1200, 1228, 2708, 1182, 1657, 626, 1514, 2455, 195, 509, 497, 772, 238, 1130, 540, 780, 1159, 2761, 2462, 1504, 373, 1205, 1449, 640, 306, 1557, 478, 846, 456, 1336, 746, 699, 521, 2514, 1070, 288, 0, 900, 802, 2164, 977, 1375, 554, 1552, 354, 344, 564, 1836, 2791, 772, 1262, 485, 248, 1156, 1997, 3169, 883, 1558, 126, 1051, 870, 1238, 586, 1186, 232, 647, 773, 1239, 575, 932, 1247, 1130, 659, 2032, 701, 835, 477, 612, 1657, 1011, 1131, 1373, 374, 1250, 470, 603, 679, 1153, 1884, 1786, 1513, 863, 171, 479, 852, 1116, 995, 1190, 1258, 1066, 826, 1072, 585, 1464, 1781, 332, 900, 0, 170, 853, 2189, 1369, 1171, 2848, 1565, 598, 157, 105, 1525, 880, 294, 651, 1235, 174, 1272, 2868, 2194, 2723, 366, 775, 287, 290, 554, 1344, 1944, 893, 719, 766, 1848, 1093, 271, 504, 913, 960, 2440, 895, 1370, 339, 1227, 2187, 268, 461, 686, 504, 507, 862, 272, 512, 923, 2493, 2194, 1283, 206, 929, 1162, 358, 407, 1317, 506, 768, 405, 1115, 556, 431, 721, 2246, 802, 170, 0, 1068, 694, 3121, 1272, 1923, 644, 1749, 451, 568, 2874, 865, 238, 1334, 1339, 843, 781, 1417, 2020, 660, 922, 957, 534, 1244, 1111, 1383, 740, 1135, 314, 385, 431, 1622, 136, 1086, 1430, 782, 1180, 2441, 240, 418, 622, 270, 2040, 1182, 1214, 1529, 802, 1433, 991, 844, 1030, 826, 2127, 2225, 1161, 1017, 465, 277, 904, 1270, 1516, 1323, 1086, 1157, 1347, 971, 938, 1622, 2164, 853, 1068, 0, 413, 1650, 2876, 3070, 881, 308, 1732, 231, 2950, 982, 1513, 1532, 285, 1073, 278, 563, 1243, 167, 2349, 671, 291, 487, 578, 443, 751, 1056, 1656, 602, 438, 541, 1684, 807, 445, 760, 770, 904, 2383, 614, 1084, 58, 941, 2102, 524, 644, 886, 429, 763, 797, 225, 465, 780, 2329, 2137, 1140, 376, 641, 871, 415, 629, 1261, 703, 822, 579, 1062, 633, 384, 977, 2189, 694, 413, 0, 1162, 1405, 138, 272, 1086, 185, 1634, 2773, 1189, 317, 662, 294, 250, 468, 1574, 497, 3083, 2048, 1003, 981, 1146, 1354, 1414, 1400, 1130, 1715, 2078, 1242, 707, 589, 2579, 1026, 1056, 1349, 233, 1881, 3353, 741, 1144, 945, 1144, 2997, 1231, 961, 1276, 1401, 1383, 1772, 1223, 1463, 264, 3012, 3107, 217, 1077, 1388, 1252, 869, 1159, 2238, 1070, 628, 958, 2038, 670, 1375, 1369, 3121, 1650, 1162, 0, 1001, 1619, 2696, 1030, 1059, 521, 1953, 874, 589, 1615, 1752, 427, 763, 1804, 535, 2223, 1282, 245, 796, 736, 939, 1109, 1226, 1193, 1033, 1470, 1833, 997, 462, 344, 2334, 781, 919, 1232, 82, 1674, 3108, 496, 899, 738, 899, 2752, 1108, 864, 1179, 1184, 1266, 1543, 1016, 1256, 145, 2857, 2862, 431, 919, 1143, 1007, 688, 1042, 2031, 973, 531, 841, 1831, 554, 1171, 1272, 2876, 1405, 1001, 0, 2516, 1252, 2858, 863, 950, 2795, 663, 206, 1740, 259, 1370, 1034, 801, 801, 1616, 354, 3014, 3259, 2295, 2302, 2352, 1919, 2620, 2282, 2903, 1562, 1666, 2095, 2552, 2678, 680, 2263, 2613, 2853, 3035, 1430, 175, 2536, 2366, 2334, 2220, 270, 2617, 2810, 3038, 1872, 2856, 1509, 2091, 1883, 3048, 535, 183, 3408, 2548, 1912, 2025, 2645, 2753, 1167, 2855, 3062, 2747, 1552, 2848, 1923, 3070, 138, 1619, 2516, 0, 332, 1372, 2863, 255, 2135, 975, 1311, 1509, 350, 501, 1203, 322, 536, 1781, 792, 2802, 1195, 1312, 709, 1379, 453, 1196, 249, 684, 251, 1765, 2365, 1311, 1106, 1125, 2300, 1515, 373, 51, 1120, 1410, 2890, 1307, 1788, 757, 1649, 2637, 231, 363, 248, 954, 71, 1312, 722, 962, 1057, 2945, 2644, 1402, 417, 1350, 1580, 667, 163, 1767, 287, 720, 354, 1565, 644, 881, 272, 2696, 1252, 332, 0, 794, 1393, 2765, 3106, 78, 441, 990, 93, 660, 1108, 1991, 750, 2320, 1057, 952, 2986, 250, 369, 714, 819, 821, 1091, 1054, 1075, 791, 1552, 1916, 1002, 479, 388, 2316, 864, 694, 989, 168, 1596, 3074, 579, 1090, 656, 998, 2734, 871, 622, 937, 1116, 1023, 1487, 927, 1167, 105, 2940, 2828, 465, 715, 1158, 1090, 500, 799, 1953, 731, 344, 598, 1749, 308, 1086, 1030, 2858, 1372, 794, 0, 665, 1321, 788, 1197, 627, 1554, 1550, 377, 1082, 257, 1150, 2428, 451, 187, 805, 2969, 410, 507, 715, 929, 732, 1151, 907, 1017, 624, 1654, 2064, 1104, 590, 499, 2376, 1017, 557, 842, 328, 1577, 3057, 732, 1243, 674, 1151, 2794, 724, 455, 770, 1117, 876, 1479, 889, 1129, 265, 3021, 2811, 597, 592, 1250, 1206, 416, 652, 1932, 564, 157, 451, 1732, 185, 1059, 863, 2863, 1393, 665, 0, 357, 1675, 1794, 593, 876, 197, 1168, 984, 723, 824, 842, 549, 666, 829, 182, 2871, 1072, 1172, 744, 1388, 525, 1231, 391, 815, 69, 1800, 2400, 1346, 1065, 1002, 2371, 1524, 316, 178, 993, 1479, 2959, 1241, 1752, 792, 1658, 2706, 290, 211, 167, 1023, 253, 1381, 791, 1031, 930, 3016, 2713, 1262, 371, 1385, 1615, 609, 124, 1836, 105, 568, 231, 1634, 521, 950, 255, 2765, 1321, 357, 0, 2552, 523, 2442, 1847, 866, 448, 1034, 424, 949, 2530, 1171, 2909, 2793, 2678, 2838, 818, 2595, 2840, 2222, 1865, 2386, 1777, 2654, 2473, 2922, 1329, 848, 1745, 2224, 2295, 637, 1826, 2639, 2889, 2641, 1742, 993, 2099, 1831, 2240, 1764, 783, 2653, 2829, 3057, 1923, 2892, 1777, 2168, 2157, 2685, 283, 905, 3020, 2571, 1674, 1588, 2610, 2791, 1525, 2874, 2950, 2773, 1953, 2795, 2135, 3106, 788, 1675, 2552, 0, 643, 998, 1303, 558, 484, 914, 1787, 700, 2737, 652, 2174, 998, 1096, 1134, 929, 1900, 1223, 1430, 432, 997, 479, 646, 747, 462, 1030, 1166, 1824, 836, 791, 917, 1575, 1133, 740, 980, 1197, 508, 1988, 967, 1382, 485, 1193, 1735, 744, 937, 1165, 272, 983, 410, 211, 33, 1207, 2215, 1742, 1567, 675, 809, 1105, 772, 880, 865, 982, 1189, 874, 663, 975, 78, 1197, 1794, 523, 643, 0, 60, 440, 2681, 777, 622, 687, 951, 2422, 866, 675, 2567, 356, 614, 740, 392, 2548, 944, 1102, 391, 1032, 206, 878, 348, 496, 365, 1447, 2047, 993, 759, 793, 2029, 1168, 72, 443, 908, 1156, 2636, 960, 1443, 439, 1302, 2383, 173, 272, 500, 700, 446, 1058, 468, 708, 845, 2674, 2390, 1192, 25, 1032, 1262, 294, 238, 1513, 317, 589, 206, 1311, 441, 627, 593, 2442, 998, 60, 0, 1293, 1237, 2299, 1382, 1103, 754, 1227, 545, 1308, 933, 1299, 1650, 1633, 1573, 1579, 1441, 1591, 1836, 952, 927, 1127, 488, 1395, 1214, 1663, 278, 977, 675, 1129, 1255, 761, 889, 1375, 1630, 1612, 727, 1580, 1149, 1045, 959, 855, 1179, 1394, 1570, 1798, 664, 1633, 596, 909, 922, 1635, 1406, 1338, 1995, 1306, 485, 651, 1334, 1532, 662, 1615, 1740, 1509, 990, 1554, 876, 1847, 1303, 440, 1293, 0, 326, 855, 2011, 50, 316, 2523, 969, 1525, 266, 914, 2790, 324, 367, 505, 447, 2787, 748, 867, 595, 1064, 454, 1082, 549, 744, 319, 1651, 2197, 1193, 741, 678, 2252, 1200, 210, 484, 673, 1395, 2875, 917, 1428, 608, 1334, 2622, 366, 150, 465, 939, 518, 1297, 707, 944, 610, 2897, 2629, 957, 248, 1235, 1339, 285, 294, 1752, 259, 350, 93, 1550, 197, 866, 558, 2681, 1237, 326, 0, 211, 540, 2920, 1097, 1598, 654, 401, 1132, 189, 532, 2397, 542, 624, 694, 514, 2405, 812, 1019, 202, 868, 127, 689, 414, 412, 549, 1258, 1858, 804, 600, 639, 1859, 1004, 243, 565, 786, 1013, 2493, 796, 1279, 250, 1138, 2240, 325, 442, 684, 557, 568, 915, 325, 565, 799, 2504, 2247, 1156, 174, 843, 1073, 250, 427, 1370, 501, 660, 377, 1168, 448, 484, 777, 2299, 855, 211, 0, 818, 1474, 2072, 2745, 285, 607, 996, 726, 796, 695, 1942, 1149, 972, 880, 1114, 2149, 865, 1110, 405, 374, 696, 244, 983, 824, 1156, 727, 1262, 199, 403, 529, 1469, 471, 850, 1165, 886, 867, 2243, 460, 762, 388, 539, 1887, 929, 1049, 1291, 454, 1168, 678, 557, 728, 914, 2114, 1997, 1272, 781, 278, 468, 763, 1034, 1203, 1108, 1082, 984, 1034, 914, 622, 1382, 2011, 540, 818, 0, 556, 559, 219, 868, 1336, 735, 516, 1803, 551, 1151, 3062, 208, 821, 988, 228, 3026, 1230, 1327, 937, 1580, 677, 1420, 475, 910, 197, 1989, 2589, 1535, 1257, 1194, 2524, 1716, 509, 181, 1148, 1634, 3114, 1433, 1944, 979, 1850, 2861, 450, 366, 56, 1176, 258, 1531, 944, 1184, 1085, 3169, 2868, 1417, 563, 1574, 1804, 801, 322, 1991, 257, 723, 424, 1787, 687, 1103, 50, 2920, 1474, 556, 0, 534, 1294, 2100, 1053, 335, 323, 716, 809, 512, 375, 2088, 865, 842, 821, 829, 2178, 885, 1106, 143, 622, 394, 381, 670, 489, 872, 950, 1550, 532, 438, 564, 1550, 758, 566, 880, 873, 793, 2266, 614, 1035, 168, 874, 1967, 644, 765, 1007, 310, 883, 683, 222, 408, 883, 2194, 2020, 1243, 497, 535, 801, 536, 750, 1150, 824, 949, 700, 951, 754, 316, 1097, 2072, 559, 534, 0, 2191, 656, 1853, 2701, 1830, 2080, 2462, 1171, 2223, 1575, 914, 2546, 2644, 2661, 2477, 325, 2695, 2940, 1970, 2058, 2027, 1619, 2295, 1957, 2578, 1335, 1563, 1806, 2233, 2359, 538, 2019, 2288, 2528, 2713, 1105, 413, 2290, 2175, 2009, 1985, 160, 2292, 2485, 2713, 1547, 2531, 1184, 1766, 1558, 2723, 660, 167, 3083, 2223, 1616, 1781, 2320, 2428, 842, 2530, 2737, 2422, 1227, 2523, 1598, 2745, 219, 1294, 2191, 0, 312, 1881, 257, 824, 591, 211, 593, 983, 346, 333, 2242, 667, 803, 831, 598, 2206, 938, 1145, 188, 859, 148, 638, 414, 260, 700, 1207, 1807, 788, 626, 705, 1704, 995, 411, 649, 912, 814, 2294, 802, 1272, 246, 1129, 2041, 413, 607, 834, 358, 650, 716, 126, 366, 922, 2349, 2048, 1282, 354, 792, 1057, 451, 549, 1171, 652, 866, 545, 969, 654, 285, 868, 2100, 656, 312, 0];
        return m;
    }
}